2
2

0.6881678897 0.3118321103 

54.46985399 -333.7584437 
21.6564153 186.1487293 
-50.4092496 264.0078709 
-6.806209241 -135.5340137 

19585.43586 10189.27076 -18989.61079 -4615.55025 
10189.27076 10772.23172 -11847.51279 -7339.345567 
-18989.61079 -11847.51279 37085.8564 15099.15629 
-4615.55025 -7339.345567 15099.15629 13885.72146 

62099.24964 -8935.59231 -58590.57101 4492.276132 
-8935.59231 27761.46249 -1324.486289 -21997.75651 
-58590.57101 -1324.486289 291112.1967 -84811.23814 
4492.276132 -21997.75651 -84811.23814 90821.30875 

